dim 40 40 40
putSphere 19 35 19 5 1.0 1.0 0.0 1.0
putellipsoid 19 32 19 3 5 3 1.0 1.0 0.0 1.0
putbox 13 26 20 30 13 26 1.0 0.0 0.0 1.0
putellipsoid 17 18 19 3 5 4 1.0 0.0 0.0 1.0
putellipsoid 21 18 19 3 5 4 1.0 0.0 0.0 1.0
putbox 15 24 12 15 16 23 1.0 1.0 0.0 1.0
putellipsoid 17 8 19 2 5 2 1.0 0.0 0.0 1.0
putellipsoid 21 8 19 2 5 2 1.0 0.0 0.0 1.0
putbox 15 24 1 7 15 24 0.0 0.0 0.0 1.0
putellipsoid 19 25 19 39 2 2 0.0 0.0 0.0 1.0
putsphere 4 3 4 4 1.0 1.0 1.0 1.0
putvoxel 21 25 13 1.0 1.0 1.0 1.0
putbox 20 21 23 27 13 14 1.0 1.0 1.0 1.0
putvoxel 18 25 13 1.0 1.0 1.0 1.0
putbox 17 18 23 27 13 14 1.0 1.0 1.0 1.0
putvoxel 20 25 25 1.0 1.0 1.0 1.0
putbox 21 22 23 27 25 26 1.0 1.0 1.0 1.0
putvoxel 17 25 25 1.0 1.0 1.0 1.0
putbox 18 19 23 27 25 26 1.0 1.0 1.0 1.0